305.370944529214
194.0000096313919
302.4670050528206
253.63813717821046
304.7016584893021
259.4319244269418
336.64976585081763
201.84498294530016
335.6591013458947
251.57895688075035
279.51802428391176
272.6520999543266
326.53435884347425
244.61760800604728
341.62938434309046
229.4201456177508
347.99013332365166
258.1624511465256
177.47505244565156
207.9501819724606
184.16570814717906
211.62260356336876
153.95404067125568
211.76837380374292
161.66877208258086
172.66923806699052
149.97392264221094
187.02419161735384
155.64623947252684
189.38300208543106
180.29223155923438
208.24327716357857
176.7044090172646
173.66968984023015
186.7623304373172
167.89043479139485
144.7669733562248
193.4968848015953
112.8898834327581
216.1606032733707
156.53101757398724
226.17308384127438
145.37325576225754
252.36535918672928
133.68387661529837
208.41571015845958
157.5554633864857
234.0198549171506
124.26441472529989
203.03941964581233
156.49560990302479
253.7120820055444
156.66486971944155
253.4163261142566
193.4723805102742
172.3045712001009
184.52488876550893
179.02660377590564
222.14897019605252
167.07493788982703
218.3781278051296
176.08381033540869
179.97219194123159
162.54062302054336
222.76547839430282
169.0310639279031
215.99803583485982
186.18166110339524
227.48045980549048
174.65754244083348
209.85676184213938
174.64610886031872
311.7879259426957
421.6321156682102
300.684348754546
430.4218957388108
316.9284995720675
448.38538753909495
298.90732929710504
445.4519110234757
301.59672400075755
413.0993534247839
292.98505364631376
427.11313767063155
327.48588324317325
435.31078115320804
295.57439654024324
456.910421991034
338.0629536316451
434.56824035328646
244.94898577191083
227.93448933041014
215.10523310051605
246.3212214514474
227.75733700928566
241.73351980638844
270.47773248208495
166.81663702727496
263.2074092745727
249.6258034346478
263.48213261986143
250.04927254683133
207.53813524584407
229.8577914408558
275.85368724587784
197.7506979478826
265.4460236123416
229.47552313411177
230.2107345868367
350.7138920835332
232.3620513948527
352.7798048182371
216.13591280837852
348.2126739160758
215.50880000764664
399.77755038976306
244.97132904542644
362.4740662127449
225.23834255061348
392.687264048948
231.94398227947923
359.11319848670263
231.06853991081277
396.92188378812773
236.6091054632409
365.18894135164965
303.83036798624556
382.6771164210649
311.42970182716704
377.93299158237465
307.0127958244596
384.14125188307474
328.539139759309
370.6025833672526
320.086550629033
292.83129105908324
302.5035104607986
291.9164438634081
322.74169181221134
381.47410653170925
259.33535025495786
303.9348368295062
318.7707156798434
317.82429972138857
314.2289534982075
236.8401200413736
295.6061534368616
261.36260853877957
286.5247868853505
251.5198017392944
342.3706569040543
271.39317977923866
336.0460440294345
229.42869369369728
314.6319099300511
269.79315802483467
362.9385352736213
244.4104162201623
342.22299471074126
219.79989474946876
334.71538077293656
273.1812249691871
140.78339626743
168.7704719452645
132.2102053065322
199.45443360139137
134.74172775170592
198.5123972490756
150.18643439791123
162.2471467211797
149.7989873225588
165.16218562226751
150.3473259676876
196.71512506696115
148.16537124475295
188.7259610611592
147.52267594471093
185.627245659342
127.47438734028086
196.42970735254278
305.2208921685813
297.3532515555563
287.4577084714033
313.8788206376166
277.0176737791747
279.24982115331113
297.7573124167078
296.5483465398514
318.8333913451447
287.029632296888
284.7946755386138
300.34963573364996
280.08350322092633
265.85865549988114
299.2126889647302
285.4233748052982
302.6261197386943
262.05139816902346
146.16507252159658
135.55962193358118
160.7001741504775
157.73478798761025
184.6259105030122
146.54116858207794
181.05179516889984
102.89873544811
171.19544142228457
150.05346021980796
171.82455758036426
143.92022160072747
156.90707576853555
151.91982124533735
162.38588302201538
154.32719960367055
184.25257878256107
149.79968702110978
466.51899517526084
450.05187446808765
502.8853705156448
459.15786853288773
475.74655914004927
497.709732211189
459.4114681279061
467.99828544409274
559.328932418094
518.5667584589513
568.2737422381244
500.46518567615436
489.72854241997214
497.45634685147684
565.934019671191
465.8580275851081
506.5295644697113
458.9947443777914
423.4635723904827
439.32746352628294
404.6561174889689
438.18929114370655
412.2958236766434
458.0696818427752
496.9193761345797
445.8294761138221
439.57500257268475
510.848555881982
423.54308094472253
445.0007917155655
497.41124821121537
454.72516376808574
490.4195137099921
437.5264019080148
387.42138110767826
435.10390113055223
218.41910259072432
241.6929612244105
225.96656911308668
230.26031607020616
210.50802926681231
226.82854742356383
170.01230462178842
236.03248495795984
198.82660913170304
245.6668982239871
210.89152874895515
267.71063213778245
207.76783889483104
232.09161011787268
208.98584362816888
225.63755172656204
203.70024851009796
242.23683101136297
74.78473986777482
186.74777750911534
80.46613469768604
202.34899319132376
86.6825386814304
209.50006693075022
89.43367464795003
202.69282421383775
70.36826586796019
184.93239691992972
85.75595286637616
202.69238741498793
86.8468491148173
207.7503739502328
68.8325422443165
194.0368270981542
77.10467195626354
189.98682722004045
373.3376194159239
553.6183183190859
379.6620792456197
460.36023837985584
383.31818687664827
473.0865443174631
369.26530658414543
510.83620707418106
370.82901212994534
552.4103974378777
409.656951500845
461.7137775303319
429.29796045762305
549.6782416863552
390.034349578852
472.8432081246225
421.455792906572
549.79016902131
371.9647727417068
227.4699703693328
397.77739388693703
242.10692158512876
401.2824360554777
218.45176214601574
359.4185006494525
232.60185363802697
372.61252514882995
247.869400610644
380.19202141658764
249.4658778296193
354.95456809986865
245.4465370901208
400.01499961891284
240.5494422990332
366.0725010490618
242.0678434704324
195.938292065211
283.4888797136236
267.56587827919225
256.4372094393843
248.09303264298308
289.00301326966803
196.262079620066
249.92438142420116
205.881466102207
276.67775251957835
272.9052724654946
276.7734623282322
222.6447891273503
283.91147456366286
247.11039875297206
247.74091480545064
254.63584568368287
280.2566863028595
239.9822167190538
267.1440309507648
256.59932853491966
290.1824534693608
259.85036867058164
325.9806222523351
285.06361731755726
311.1660002402044
264.094381340072
317.94733829047345
269.0342283412758
312.4025101021091
235.5819223402467
292.21182213017613
259.5419515337645
273.82164426069676
257.3788852064121
272.3022329590116