% # columns="iteration, evaluation, sigma, axis ratio, bestever, best, median, worst objective function value, further objective values of best", seed=168175, Tue Nov 16 08:21:57 2021, <python>{}</python>
1 7 2.7205337480252965 1.0000333338888951 590.0832292311934 5.9008322923119340e+02 752.4989595549409 1159.9066848539167   
2 14 2.423682193952688 1.66160190894677 475.94485113384434 4.7594485113384434e+02 632.8498911027211 815.9867188593673   
3 21 2.435015306626604 1.7049126199135638 475.94485113384434 5.5437729204606092e+02 627.9439771814054 897.0011153059994   
4 28 2.7474228834637144 1.8233573517903863 475.94485113384434 5.1415494145738421e+02 576.6282626184941 787.9270614117785   
5 35 2.6183235873740975 2.247592593359777 475.65768744567333 4.7565768744567333e+02 523.0649553604005 709.1098380968127   
6 42 2.636291388370043 2.9305510339539267 475.65768744567333 4.8714152830847030e+02 566.9390127709812 1159.9066869751541   
7 49 2.84198507235156 3.200620992090144 475.20173880090874 4.7520173880090874e+02 576.1949232080427 619.2925385878822   
8 56 2.6842648806729934 3.690427053413202 406.05684229346895 4.0605684229346895e+02 516.2778339789022 821.9846084139974   
9 63 2.449027514265192 4.021210294659057 406.05684229346895 4.0980573930241832e+02 522.2766807212647 604.4772315722413   
10 70 2.6286244742079443 5.029813012926103 397.7212806429038 3.9772128064290382e+02 478.31258742886223 653.8875992274243   
11 77 2.272894327039161 5.211498004290521 397.7212806429038 4.7274639048546163e+02 518.2784941991342 735.4190289987389   
12 84 1.9798859631092784 4.729869351386768 397.7212806429038 4.5433983006986671e+02 497.5265627917918 558.9855466727255   
13 91 2.256452686536389 6.184282612809258 397.7212806429038 4.3343086591113240e+02 493.174386719121 532.7503230122161   
14 98 2.102641335286458 8.461920812607769 397.7212806429038 4.3518238928897824e+02 487.61450782778 569.0455123544226   
15 105 1.9296088221508212 10.304673256207735 397.7212806429038 4.0131215802336334e+02 433.86314821980864 483.9970468757731   
16 112 1.4949176635554595 11.398199210017985 397.7212806429038 4.1979306866694094e+02 473.5503228447243 523.7753295838752   
17 119 1.1617727647103262 11.13278118538551 397.7212806429038 4.0324125587574702e+02 477.7837149322619 503.39765951412346   
18 126 1.4827632694691706 13.688869962341897 395.5235081363061 3.9552350813630608e+02 436.54477291221843 480.68777721657244   
19 133 1.3216766409930303 15.776325904352603 395.5235081363061 3.9853020005268496e+02 444.2012950414589 485.57340912110305   
20 140 1.219964654442538 15.760993688889348 391.8773529318254 3.9187735293182538e+02 422.4474803308775 483.39463459240443   
21 147 1.1548599133640864 17.357244075473954 391.8773529318254 3.9430178417128019e+02 422.9673083070785 472.52423811203295   
22 154 0.928662876778558 18.929924804988662 391.5260547081341 3.9152605470813410e+02 396.77429063324985 490.81695659234254   
23 161 0.7974207900417819 18.761398036061298 388.7578102046023 3.8875781020460232e+02 399.57332479246395 427.5318567370547   
24 168 0.6971758179901695 19.4371062650698 388.7578102046023 3.8961507123149784e+02 391.69093644438306 407.82026135034164   
25 175 0.819784413467929 17.376249330399304 387.3274918042001 3.8732749180420012e+02 389.1956797702509 393.6278941977376   
26 182 0.8938081510692144 13.929433151446473 386.99669831026415 3.8699669831026415e+02 389.85732119751947 394.7967049039199   
27 189 0.9402397263058178 15.078039328776908 386.99669831026415 3.8767108313969891e+02 388.9203080381907 391.49082208267544   
28 196 0.7837976881119072 18.395513875933172 386.99669831026415 3.8719062343446319e+02 390.0423272461927 399.0985662251636   
29 203 0.7537448618508418 20.89360385492621 386.99669831026415 3.8721392738645102e+02 388.5869210841855 406.26698303787276   
30 210 0.6743095347839372 22.35142085579213 386.99669831026415 3.8737472406439440e+02 388.99752930000756 389.8592713303451   
31 217 0.5718083597800627 24.541768637859832 386.97850723632587 3.8697850723632587e+02 387.427343189004 398.98327736051635   
32 224 0.5433160431566949 25.270123503639535 386.9356328334078 3.8693563283340779e+02 387.4248154528491 388.93127484692775   
33 231 0.424094325341816 27.467624639963173 386.93022197208984 3.8693022197208984e+02 387.2269037944118 389.2976178439051   
34 238 0.3658031948516026 26.30464064045724 386.93022197208984 3.8693430290028692e+02 387.19416986590204 387.81342219099594   
35 245 0.2946846868365838 31.63111696170721 386.8877016366348 3.8688770163663480e+02 386.96861849102936 390.82534138012403   
36 252 0.2454165319147947 33.21398467489727 386.8877016366348 3.8694473583359013e+02 386.97952063587445 387.17053789147644   
37 259 0.2173658779700365 37.01555491344912 386.8877016366348 3.8691370576055033e+02 387.00519844819826 387.39748051557984   
38 266 0.2032138329692137 42.7031227277607 386.8877016366348 3.8689887199696085e+02 386.92508454404236 387.14758484159194   
39 273 0.22996973928443412 41.34418240801474 386.8525825755878 3.8685258257558780e+02 386.9173065217084 387.0009991261268   
40 280 0.2645238868277967 58.20043807906645 386.8088529739871 3.8680885297398709e+02 386.89336361206057 387.0784942429509   
41 287 0.4361446688207232 79.32701633514085 386.2572186625891 3.8625721866258908e+02 386.8229984822557 386.86424213986606   
42 294 0.6918917125620608 89.35810389112272 384.81399470025906 3.8481399470025906e+02 386.3453061726598 386.7907990710179   
43 301 0.5642175531180589 99.20887280076794 384.81399470025906 3.8671997349064907e+02 402.3166568585574 714.7110314146364   
44 308 0.6005478736790687 114.45123833836769 384.81399470025906 3.8574103037252428e+02 386.9779166436871 387.06603924633305   
45 315 0.7151243423662318 116.43922043411592 384.7522557319428 3.8475225573194280e+02 386.4611520054317 556.605629921781   
46 322 0.9023755007842922 112.13055640997207 384.18220395190144 3.8418220395190144e+02 386.9484241650765 405.2170997228264   
47 329 0.9390703757795535 94.38382614562579 384.18220395190144 3.8471515459035152e+02 387.0336313154543 1544.1401261776332   
48 336 0.9273795678480689 80.35524466581998 383.5534118700673 3.8355341187006729e+02 386.9765336110738 515.6680386708948   
49 343 0.6910905963507179 77.59208541108082 383.5534118700673 3.8488484380791647e+02 386.96246060621195 695.4723886432698   
50 350 0.5815569357090784 76.01518805587168 383.5534118700673 3.8568548632289691e+02 386.1627903710156 387.3926419766547   
51 357 0.5710192764784836 82.39162426264059 383.5534118700673 3.8436065868556125e+02 385.11674159744473 386.77248813197366   
52 364 0.5508816733134112 71.07254675847803 383.5534118700673 3.8469459124798624e+02 386.5305574767135 476.9768259764895   
53 371 0.5934778100055854 61.293589674057145 383.5534118700673 3.8368015777983175e+02 384.6237359395329 386.28453621710963   
54 378 0.6761535169761541 59.730692051420036 383.5534118700673 3.8399104445281091e+02 384.54321454509784 393.0740125049889   
55 385 0.930753427855765 46.155928159746125 382.72865890986117 3.8272865890986117e+02 383.74157678354277 386.16827996581907   
56 392 1.0714382803994895 39.65225520563091 381.93135729717176 3.8193135729717176e+02 383.89398844995367 385.9846206702288   
57 399 1.3435997144604197 38.001878638313556 381.5975236330163 3.8159752363301629e+02 383.88937476639364 409.1734316815187   
58 406 1.3608997971505192 30.49363355239821 381.5975236330163 3.8182785935898391e+02 387.21447034190214 390.4548816488866   
59 413 1.26333228345785 27.921247639503935 381.5975236330163 3.8283224744537762e+02 385.82102578763994 392.83265022113505   
60 420 1.1535383914412851 28.3333495454901 381.5975236330163 3.8418846769232385e+02 396.1074497985717 555.2880458325901   
61 427 1.0033317586368615 26.25160633147404 381.53645775670407 3.8153645775670407e+02 385.4338985477249 392.19592784791234   
62 434 0.9721841720224409 22.505562868335264 381.53645775670407 3.8219836882675793e+02 383.4276423110663 385.0039537439667   
63 441 0.8805449535017124 21.479431250109872 381.53645775670407 3.8286689633354229e+02 397.8692744813299 530.7150303407418   
64 448 0.8609040761664234 20.071355703569576 381.53645775670407 3.8219422264022410e+02 384.7878437948849 387.3483521603556   
65 455 0.7559011608897453 20.052808179800746 381.53645775670407 3.8193920999798905e+02 383.16426534496577 385.7409211407112   
66 462 0.7500931109149463 18.935165555999166 381.53645775670407 3.8192012797289897e+02 382.28595863161627 383.5823854022848   
67 469 0.6715642510520935 16.906867310397185 381.4606838780318 3.8146068387803177e+02 382.261209764925 385.6117267728507   
68 476 0.6326625412446583 15.19875820028713 381.41491210600987 3.8141491210600987e+02 382.33897141870114 382.74482007538575   
69 483 0.5956801623208066 12.48229237042002 381.4102320999481 3.8141023209994808e+02 382.1730225737853 383.30254891565073   
70 490 0.7583480058760711 11.293909846888395 381.31098018599243 3.8131098018599243e+02 381.49101083185883 382.3503525212609   
71 497 0.6743500284119435 9.68772700656566 381.1980062213952 3.8119800622139519e+02 381.36858630315703 382.50341522570557   
72 504 0.7860931877135168 9.051801468988096 381.0880454178131 3.8108804541781308e+02 381.69011055232977 382.79044986823135   
73 511 0.6045434508628842 7.40602390435059 381.0880454178131 3.8115234329049906e+02 381.4968862423397 383.3935195051397   
74 518 0.559012696640374 6.342847041501599 381.0880454178131 3.8116839848041133e+02 381.523405173013 382.74732700080847   
75 525 0.5095284882665916 7.7953543094225015 381.0337868771745 3.8103378687717452e+02 381.21923761333994 381.6631884924112   
76 532 0.5501434288069468 8.512308483581808 380.89241780440864 3.8089241780440864e+02 381.2556664400246 381.42822103722153   
77 539 0.6468032041346311 6.925776436657919 380.81240979370443 3.8081240979370443e+02 380.97293284837497 381.2167206881776   
78 546 0.9000367812582692 7.0786722924648915 380.80892889302766 3.8080892889302766e+02 380.93017109714884 381.33243718437177   
79 553 0.7581939551104399 8.080087876707134 380.80892889302766 3.8083766038441206e+02 381.2774118816601 381.60944746740324   
80 560 0.637474347231498 7.769659887733929 380.80892889302766 3.8095428508439926e+02 380.9759533963503 381.3869441768318   
81 567 0.5462377604775328 8.186860238912152 380.80892889302766 3.8089566173017568e+02 380.95349735367734 381.4757631877444   
82 574 0.5135450615692257 7.725320140015395 380.80892889302766 3.8085200793883530e+02 380.962956275676 381.0809113395466   
83 581 0.5076943000207219 7.586516168869413 380.7837058425439 3.8078370584254390e+02 380.8922275810866 380.9603275247665   
84 588 0.5510562697577097 9.15103525347017 380.7831916390198 3.8078319163901978e+02 380.86159474678607 380.91002650060426   
85 595 0.6095269324649504 8.713665842556793 380.7654506007146 3.8076545060071459e+02 380.79328932634417 381.0320300447404   
86 602 0.5347734835830621 7.516166586796935 380.74525858090965 3.8074525858090965e+02 380.804582875985 380.8595163247103   
87 609 0.4512522309256025 8.067702076271427 380.74525858090965 3.8074965140974865e+02 380.77026874537944 380.8709463434204   
88 616 0.4549910805896804 7.149387648525224 380.74525858090965 3.8074901597690348e+02 380.76093416847516 380.7972275522226   
89 623 0.3754788511613115 7.952376446137798 380.74525858090965 3.8074700363970175e+02 380.7793239616194 380.79999519287725   
90 630 0.27976688589045506 7.545401911436621 380.74525858090965 3.8074682356678045e+02 380.7694097778827 380.8217945917836   
91 637 0.29008643888755037 7.323027762477988 380.7426287402028 3.8074262874020280e+02 380.75447667903654 380.78397428473124   
92 644 0.30587868081930625 9.35682519670906 380.7426287402028 3.8074306914933095e+02 380.7443728005433 380.7556056034513   
93 651 0.2656211698794871 7.520146133308584 380.74169507183973 3.8074169507183973e+02 380.74377340447205 380.7546346840835   
94 658 0.232667654659649 7.100446203490269 380.74169507183973 3.8074242522479881e+02 380.74559806335543 380.74905058838306   
95 665 0.20153651164967967 6.280894215669781 380.74169507183973 3.8074215273816378e+02 380.74398334147276 380.751647551839   
96 672 0.1700756055175082 6.393490618362949 380.74169507183973 3.8074187378586919e+02 380.74253807533194 380.7439265405525   
97 679 0.14903496989718462 7.355756490692376 380.741442306621 3.8074144230662102e+02 380.74392616627875 380.74849260006   
98 686 0.13898111408082844 6.437879696737408 380.741442306621 3.8074198436033339e+02 380.74276581387664 380.74616289612504   
99 693 0.1080588469200572 7.243061992351144 380.741442306621 3.8074161115200337e+02 380.74316545616284 380.74514892043203   
100 700 0.11094697928038616 7.613907625951903 380.741442306621 3.8074196697701132e+02 380.7432987270578 380.74395172388836   
101 707 0.10167938042190063 8.126585180398763 380.74141923087655 3.8074141923087655e+02 380.7423169597879 380.7439570401141   
102 714 0.11211179228246393 7.709124180075156 380.74114761770045 3.8074114761770045e+02 380.7418675479048 380.7427430584014   
